30d125
71d144
50d111
68d53
53d141
43d166
67d126
16d31
97d173
65d138
94d172
72d175
79d130
52d178
78d37
67d22
28d78
86d25
75d50
75d61
82d14
24d155
86d198
52d148
2d138
11d73
49d185
24d58
39d26
27d67
88d3
9d122
53d71
1d34
13d193
81d175
92d9
67d3
49d159
56d158
98d66
78d96
9d8
60d93
39d47
54d56
81d44
39d11
16d28
43d171
35d40
55d29
13d47
43d158
39d67
2d171
63d36
60d61
19d73
68d66
99d48
70d182
96d88
83d71
14d164
40d32
9d87
50d110
63d50
6d61
7d173
5d189
48d77
67d163
18d17
63d22
8d23
52d98
76d156
6d63
91d88
59d134
9d193
37d16
12d165
35d7
82d157
69d59
40d52
1d128
76d190
19d90
100d61
33d166
33d69
92d147
36d53
84d64
34d75
75d192
